function Data = Typical
%%Â±ÖÊ∞ëÂå∫ÔºàÁΩóÊπñÊ∑òÈáëÂ±±ÊπñÊôØËä±Âõ≠ÂÖÖÁîµÁ´ôÔºâkW
Data.Dra = [170,145,170,150,50,40,40,35,40,40,40,35,40,35,50,70,80,100,140,150,160,165,170,175];
%%ÂïÜ‰∏öÂå∫ÔºàÈæôÂçéÂÆùËÉΩÁßëÊäÄÂõ≠ÂçóÂå∫Âú∞‰∏ãÂÅúËΩ¶Âú∫ÂÖÖÁîµÁ´ôÔºâkW
Data.Dba = [160,140,100,80,40,20,20,30,80,140,100,100,70,36,30,60,70,80,90,110,120,140,170,160];
%%ÂäûÂÖ¨Âå∫ÔºàÂçóÁΩëÁîµÂä®ÊòüÊ≤≥WORLDÂäûÂÖ¨Ê•ºÂú∞‰∏ãÂÅúËΩ¶Âú∫Á´ôÁÇπÔºâkW
Data.Doa = [50,45,50,55,50,50,100,200,400,700,500,400,300,250,50,180,190,100,150,50,100,100,40,50];
%%ÂÖâ‰ºèÊÄªÂá∫Âä?(24Â∞èÊó∂) MW
Data.pv = [0 0 0 0 0 0.002 0.004 0.0055 0.0055 0.0065 0.0075 0.0073 0.0075 0.0075 0.007 0.006 0.003 0.001 0 0 0 0 0 0];
Data.V2G=[298700 157000 298700 298700 298700 298700 157000 298700 298700 298700 298700 298700 298700 298700 298700 157000 298700 298700 298700 298700 157000 298700 298700 157000 298700 298700 298700 298700 298700 298700 298700 298700 298700];
% 2„Ä?7„Ä?16„Ä?21„Ä?24
%%ËäÇÁÇπÂùêÊ†á
Data.X = [1;2;3;4;5;6;7;8;9;10;11;12;13;14;15;16;17;18;2;3;4;5;3;4;5;6;7;8;9;10;11;12;13];
Data.Y = [5;5;5;5;5;5;5;5;5;6;6;6;6;6;5;5;5;5;7;7;7;7;2;2;2;3;3;3;3;3;3;3;3];
% figure
% plot(1:24,Data.Dra);
% hold on
% plot(1:24,Data.Dba);
% plot(1:24,Data.Doa);
% hold off
%	fbus	tbus	r	x	b	rateA	rateB	rateC	ratio	angle	status	angmin	angmax
Data.branch = [  %% (r and x specified in ohms here, converted to p.u. below)
	1	2	0.0922	0.0470	0	0	0	0	0	0	1	-360	360;
	2	3	0.4930	0.2511	0	0	0	0	0	0	1	-360	360;
	3	4	0.3660	0.1864	0	0	0	0	0	0	1	-360	360;
	4	5	0.3811	0.1941	0	0	0	0	0	0	1	-360	360;
	5	6	0.8190	0.7070	0	0	0	0	0	0	1	-360	360;
	6	7	0.1872	0.6188	0	0	0	0	0	0	1	-360	360;
	7	8	0.7114	0.2351	0	0	0	0	0	0	1	-360	360;
	8	9	1.0300	0.7400	0	0	0	0	0	0	1	-360	360;
	9	10	1.0440	0.7400	0	0	0	0	0	0	1	-360	360;
	10	11	0.1966	0.0650	0	0	0	0	0	0	1	-360	360;
	11	12	0.3744	0.1238	0	0	0	0	0	0	1	-360	360;
	12	13	1.4680	1.1550	0	0	0	0	0	0	1	-360	360;
	13	14	0.5416	0.7129	0	0	0	0	0	0	1	-360	360;
	14	15	0.5910	0.5260	0	0	0	0	0	0	1	-360	360;
	15	16	0.7463	0.5450	0	0	0	0	0	0	1	-360	360;
	16	17	1.2890	1.7210	0	0	0	0	0	0	1	-360	360;
	17	18	0.7320	0.5740	0	0	0	0	0	0	1	-360	360;
	2	19	0.1640	0.1565	0	0	0	0	0	0	1	-360	360;
	19	20	1.5042	1.3554	0	0	0	0	0	0	1	-360	360;
	20	21	0.4095	0.4784	0	0	0	0	0	0	1	-360	360;
	21	22	0.7089	0.9373	0	0	0	0	0	0	1	-360	360;
	3	23	0.4512	0.3083	0	0	0	0	0	0	1	-360	360;
	23	24	0.8980	0.7091	0	0	0	0	0	0	1	-360	360;
	24	25	0.8960	0.7011	0	0	0	0	0	0	1	-360	360;
	6	26	0.2030	0.1034	0	0	0	0	0	0	1	-360	360;
	26	27	0.2842	0.1447	0	0	0	0	0	0	1	-360	360;
	27	28	1.0590	0.9337	0	0	0	0	0	0	1	-360	360;
	28	29	0.8042	0.7006	0	0	0	0	0	0	1	-360	360;
	29	30	0.5075	0.2585	0	0	0	0	0	0	1	-360	360;
	30	31	0.9744	0.9630	0	0	0	0	0	0	1	-360	360;
	31	32	0.3105	0.3619	0	0	0	0	0	0	1	-360	360;
	32	33	0.3410	0.5302	0	0	0	0	0	0	1	-360	360;
	21	8	2.0000	2.0000	0	0	0	0	0	0	0	-360	360;
	9	15	2.0000	2.0000	0	0	0	0	0	0	0	-360	360;
	12	22	2.0000	2.0000	0	0	0	0	0	0	0	-360	360;
	18	33	0.5000	0.5000	0	0	0	0	0	0	0	-360	360;
	25	29	0.5000	0.5000	0	0	0	0	0	0	0	-360	360;
];

%%ÊúâÂäüË¥üËΩΩÔº?33*24ÔºâPd and Qd are specified in kW & kVAr here
Data.pload = 200000*[0,0,0,0,0,0,0,0,0,0,0,0,0,0,0,0,0,0,0,0,0,0,0,0;
            0.0004666666667,0.0005,0.0005666666667,0.0006333333333,0.0006666666667,0.0007333333333,0.0007666666667,0.0008,0.0008666666667,0.0009333333333,0.0009666666667,0.001,0.0009333333333,0.0008666666667,0.0008,0.0007,0.0006666666667,0.0007333333333,0.0008,0.0009333333333,0.0008666666667,0.0007333333333,0.0006,0.0005333333333;
            0.00042,0.00045,0.00051,0.00057,0.0006,0.00066,0.00069,0.00072,0.00078,0.00084,0.00087,0.0009,0.00084,0.00078,0.00072,0.00063,0.0006,0.00066,0.00072,0.00084,0.00078,0.00066,0.00054,0.00048;
            0.00056,0.0006,0.00068,0.00076,0.0008,0.00088,0.00092,0.00096,0.00104,0.00112,0.00116,0.0012,0.00112,0.00104,0.00096,0.00084,0.0008,0.00088,0.00096,0.00112,0.00104,0.00088,0.00072,0.00064;
            0.00028,0.0003,0.00034,0.00038,0.0004,0.00044,0.00046,0.00048,0.00052,0.00056,0.00058,0.0006,0.00056,0.00052,0.00048,0.00042,0.0004,0.00044,0.00048,0.00056,0.00052,0.00044,0.00036,0.00032;
            0.00028,0.0003,0.00034,0.00038,0.0004,0.00044,0.00046,0.00048,0.00052,0.00056,0.00058,0.0006,0.00056,0.00052,0.00048,0.00042,0.0004,0.00044,0.00048,0.00056,0.00052,0.00044,0.00036,0.00032;
            0.0009333333333,0.001,0.001133333333,0.001266666667,0.001333333333,0.001466666667,0.001533333333,0.0016,0.001733333333,0.001866666667,0.001933333333,0.002,0.001866666667,0.001733333333,0.0016,0.0014,0.001333333333,0.001466666667,0.0016,0.001866666667,0.001733333333,0.001466666667,0.0012,0.001066666667;
            0.0009333333333,0.001,0.001133333333,0.001266666667,0.001333333333,0.001466666667,0.001533333333,0.0016,0.001733333333,0.001866666667,0.001933333333,0.002,0.001866666667,0.001733333333,0.0016,0.0014,0.001333333333,0.001466666667,0.0016,0.001866666667,0.001733333333,0.001466666667,0.0012,0.001066666667;
            0.00028,0.0003,0.00034,0.00038,0.0004,0.00044,0.00046,0.00048,0.00052,0.00056,0.00058,0.0006,0.00056,0.00052,0.00048,0.00042,0.0004,0.00044,0.00048,0.00056,0.00052,0.00044,0.00036,0.00032;
            0.00028,0.0003,0.00034,0.00038,0.0004,0.00044,0.00046,0.00048,0.00052,0.00056,0.00058,0.0006,0.00056,0.00052,0.00048,0.00042,0.0004,0.00044,0.00048,0.00056,0.00052,0.00044,0.00036,0.00032;
            0.00021,0.000225,0.000255,0.000285,0.0003,0.00033,0.000345,0.00036,0.00039,0.00042,0.000435,0.00045,0.00042,0.00039,0.00036,0.000315,0.0003,0.00033,0.00036,0.00042,0.00039,0.00033,0.00027,0.00024;
            0.00028,0.0003,0.00034,0.00038,0.0004,0.00044,0.00046,0.00048,0.00052,0.00056,0.00058,0.0006,0.00056,0.00052,0.00048,0.00042,0.0004,0.00044,0.00048,0.00056,0.00052,0.00044,0.00036,0.00032;
            0.00028,0.0003,0.00034,0.00038,0.0004,0.00044,0.00046,0.00048,0.00052,0.00056,0.00058,0.0006,0.00056,0.00052,0.00048,0.00042,0.0004,0.00044,0.00048,0.00056,0.00052,0.00044,0.00036,0.00032;
            0.00056,0.0006,0.00068,0.00076,0.0008,0.00088,0.00092,0.00096,0.00104,0.00112,0.00116,0.0012,0.00112,0.00104,0.00096,0.00084,0.0008,0.00088,0.00096,0.00112,0.00104,0.00088,0.00072,0.00064;
            0.00028,0.0003,0.00034,0.00038,0.0004,0.00044,0.00046,0.00048,0.00052,0.00056,0.00058,0.0006,0.00056,0.00052,0.00048,0.00042,0.0004,0.00044,0.00048,0.00056,0.00052,0.00044,0.00036,0.00032;
            0.00028,0.0003,0.00034,0.00038,0.0004,0.00044,0.00046,0.00048,0.00052,0.00056,0.00058,0.0006,0.00056,0.00052,0.00048,0.00042,0.0004,0.00044,0.00048,0.00056,0.00052,0.00044,0.00036,0.00032;
            0.00028,0.0003,0.00034,0.00038,0.0004,0.00044,0.00046,0.00048,0.00052,0.00056,0.00058,0.0006,0.00056,0.00052,0.00048,0.00042,0.0004,0.00044,0.00048,0.00056,0.00052,0.00044,0.00036,0.00032;
            0.00042,0.00045,0.00051,0.00057,0.0006,0.00066,0.00069,0.00072,0.00078,0.00084,0.00087,0.0009,0.00084,0.00078,0.00072,0.00063,0.0006,0.00066,0.00072,0.00084,0.00078,0.00066,0.00054,0.00048;
            0.00042,0.00045,0.00051,0.00057,0.0006,0.00066,0.00069,0.00072,0.00078,0.00084,0.00087,0.0009,0.00084,0.00078,0.00072,0.00063,0.0006,0.00066,0.00072,0.00084,0.00078,0.00066,0.00054,0.00048;
            0.00042,0.00045,0.00051,0.00057,0.0006,0.00066,0.00069,0.00072,0.00078,0.00084,0.00087,0.0009,0.00084,0.00078,0.00072,0.00063,0.0006,0.00066,0.00072,0.00084,0.00078,0.00066,0.00054,0.00048;
            0.00042,0.00045,0.00051,0.00057,0.0006,0.00066,0.00069,0.00072,0.00078,0.00084,0.00087,0.0009,0.00084,0.00078,0.00072,0.00063,0.0006,0.00066,0.00072,0.00084,0.00078,0.00066,0.00054,0.00048;
            0.00042,0.00045,0.00051,0.00057,0.0006,0.00066,0.00069,0.00072,0.00078,0.00084,0.00087,0.0009,0.00084,0.00078,0.00072,0.00063,0.0006,0.00066,0.00072,0.00084,0.00078,0.00066,0.00054,0.00048;
            0.00042,0.00045,0.00051,0.00057,0.0006,0.00066,0.00069,0.00072,0.00078,0.00084,0.00087,0.0009,0.00084,0.00078,0.00072,0.00063,0.0006,0.00066,0.00072,0.00084,0.00078,0.00066,0.00054,0.00048;
